FA Rate Summary
===============
 participant_id ir_fa_rate
            232          0
            235          0
            236          0
            241          0
            242          0
            243          0
            245          0
            246          0
            247          0
            249          0
            251          0
            252          0
            253          0
            254          0
            256          0
            257          0
            258          0
            259          0
            260          0
            261          0
            262          0
            263          0
            264          0
            266          0
            267          0
            269          0
            270          0
            273          0
            276          0
            277          0
            279          0
            280          0
            281          0
            282          0
            283          0
            285          0
            286          0
            289          0
            290          0
            292          0
            293          0
            294          0
            295          0
            296          0
            297          0
            298          0
            302          0
            303          0
            304          0
            305          0
            307          0
            308          0
            309          0
            310          0
            311          0
            312          0
            313          0
            314          0
            316          0
            317          0
            318          0
            322          0
            323          0
            325          0
            326          0
            327          0
            328          0
            329          0
            330          0
            331          0
            333          0
            339          0
            340          0
            342          0
            343          0
            344          0
            346          0
            350          0
            351          0
            354          0
            355          0
            356          0
            361          0
            362          0
            363          0
            364          0
            366          0
            367          0
            368          0
            369          0
            370          0
            371          0
            372          0
            373          0
            374          0
            375          0
            377          0
            378          0
            379          0
            380          0
            381          0
            382          0
            383          0
            384          0
            386          0
            390          0
            391          0
            392          0
            395          0
            396          0
            397          0
            398          0
